Num samples: 66
Num observations: 6356
Total count: 121287
Table density (fraction of non-zero values): 0.080

Counts/sample summary:
 Min: 152.0
 Max: 3546.0
 Median: 1960.000
 Mean: 1837.682
 Std. dev.: 764.245
 Sample Metadata Categories: None provided
 Observation Metadata Categories: taxonomy

Counts/sample detail:
 Amz33eld.418866: 152.0
 Amz31adlt.418759: 374.0
 Amz24chld.418412: 384.0
 Amz7adltF.418395: 449.0
 Amz23chld.418722: 480.0
 Amz6teen.418569: 483.0
 Amz6eldM.418356: 543.0
 Amz25chld.418466: 594.0
 Amz5chldF1.418757: 604.0
 Amz6eldF.418597: 661.0
 Amz29adlt.418370: 727.0
 Amz32eldF.418511: 967.0
 h305M.1.418771: 1168.0
 Amz22chld.418485: 1273.0
 h122M.1.418534: 1280.0
 h10M.1.418706: 1295.0
 Amz7eldM.418423: 1402.0
 Amz2adltF.418633: 1429.0
 Amz26chld.418481: 1509.0
 h37M.1.418863: 1543.0
 USchp4Mom.418666: 1554.0
 Amz4chldM2.418774: 1624.0
 TS13.418619: 1706.0
 Amz4adltF.418711: 1719.0
 USchp18Mom.418783: 1733.0
 TS25.418407: 1744.0
 USchp25Mom.418780: 1796.0
 Amz5teenF.418519: 1882.0
 h60M.1.418694: 1891.0
 Amz5chldF2.418405: 1893.0
 h78M.1.418725: 1900.0
 USchp3Child.418614: 1918.0
 h85M.1.418596: 1929.0
 k278A.2.418424: 1991.0
 h9M.1.418588: 1993.0
 TS109.418691: 2055.0
 USchp25Child.418345: 2083.0
 h101M.1.418586: 2131.0
 TS4.418810: 2140.0
 USchp1Mom.418814: 2142.0
 h95M.1.418831: 2162.0
 TS7.418860: 2188.0
 h147M.1.418531: 2195.0
 USchp33ChildB.418578: 2229.0
 TS163.418636: 2244.0
 h257M.1.418454: 2284.0
 USchp3Mom.418727: 2291.0
 h279M.1.418530: 2350.0
 TS184.418577: 2359.0
 TS1.418828: 2472.0
 TS127.418550: 2493.0
 h186M.1.418788: 2510.0
 TS193.418750: 2525.0
 TS111.418684: 2535.0
 USchp36Mom.418718: 2543.0
 h146M.1.418838: 2615.0
 h208M.1.418731: 2630.0
 h235M.1.418489: 2646.0
 TS129.418618: 2660.0
 h165M.1.418394: 2673.0
 h273M.1.418507: 2691.0
 h68M.1.418773: 2811.0
 TS195.418848: 2821.0
 h264M.1.418377: 2826.0
 Amz6chldM.418668: 2847.0
 Amz30adlt.418837: 3546.0
